0,478
77,3
77,2
77,1
77,0
0,477
0,476
76,3
76,2
76,1
76,0
0,475
75,3
75,2
75,1
75,0
0,473
0,472
74,3
74,2
74,1
74,0
73,291
73,290
73,289
73,288
73,287
73,286
73,285
73,284
73,283
73,282
73,281
73,280
73,279
73,278
73,277
73,276
73,275
73,274
73,273
73,272
73,271
73,270
73,269
73,268
73,267
73,266
73,265
73,264
73,263
73,262
73,261
73,260
73,259
73,258
73,257
0,471
73,256
73,255
73,254
73,253
0,470
73,252
73,251
0,469
73,250
0,468
73,249
73,248
0,467
73,247
0,466
73,246
73,245
0,465
73,244
0,464
73,243
73,242
0,463
73,241
0,462
73,240
73,239
0,461
73,238
0,460
73,237
73,236
0,459
73,235
73,234
0,458
73,233
0,457
73,232
73,231
0,456
73,230
0,455
73,229
73,228
0,454
73,227
0,453
73,226
73,225
0,452
73,224
0,451
73,223
73,222
0,450
0,449
73,221
73,220
73,219
0,448
73,218
0,474
73,217
73,216
73,215
73,214
73,213
73,212
73,211
73,210
73,209
73,208
73,207
73,206
73,205
73,204
73,203
73,202
73,201
73,200
73,199
73,198
73,197
73,196
73,195
73,194
73,193
73,192
73,191
73,190
73,189
73,188
73,187
73,186
73,185
73,184
73,183
73,182
73,181
73,180
73,179
73,178
73,177
73,176
73,175
73,174
73,173
73,172
73,171
73,170
73,169
73,168
73,167
73,166
73,165
73,164
73,163
73,162
73,161
73,160
73,159
73,158
73,157
73,156
73,155
73,154
73,153
73,152
73,151
73,150
73,149
73,148
73,147
73,146
73,145
73,144
73,143
73,142
73,141
73,140
73,139
73,138
73,137
73,136
73,135
73,134
73,133
73,132
73,131
73,130
73,129
73,128
73,127
73,126
73,125
73,124
73,123
73,122
73,121
73,120
73,119
73,118
73,117
73,116
73,115
73,114
73,113
73,112
73,111
73,110
73,109
73,108
73,107
73,106
73,105
73,104
73,103
73,102
73,101
73,100
73,99
73,98
73,97
73,96
73,95
73,94
73,93
73,92
73,91
73,90
73,89
73,88
73,87
73,86
73,85
73,84
73,83
73,82
73,81
73,80
73,79
73,78
73,77
73,76
73,75
73,74
73,73
73,72
73,71
73,70
73,69
73,68
73,67
73,66
73,65
73,64
73,35
73,34
73,33
73,32
73,31
73,30
73,29
73,28
73,27
73,26
73,25
73,24
73,23
73,22
73,21
73,20
73,19
73,18
73,17
73,16
73,15
73,14
73,13
73,12
73,11
73,10
73,9
73,8
73,7
73,6
73,5
73,4
72,24
72,23
72,22
72,21
72,20
72,19
72,18
72,17
72,16
72,15
72,14
72,13
72,12
72,11
72,10
72,9
72,8
72,7
72,6
72,5
72,4
71,6
71,5
71,4
73,3
73,2
73,1
73,0
72,3
72,2
72,1
72,0
71,3
71,2
71,1
71,0
70,3
70,2
70,1
70,0
69,3
69,2
69,1
69,0
2,10
68,3
68,2
68,1
68,0
67,3
67,2
67,1
67,0
2,9
66,3
66,2
66,1
66,0
65,5
65,4
65,3
65,2
65,1
65,0
64,3
64,2
64,1
64,0
63,6
63,5
63,4
63,3
63,2
63,1
63,0
62,5
62,4
62,3
62,2
62,1
62,0
61,4
61,3
61,2
61,1
61,0
2,8
60,5
60,4
60,3
60,2
60,1
60,0
59,4
59,3
59,2
59,1
59,0
58,7
58,6
58,5
58,4
58,3
58,2
58,1
58,0
57,5
57,4
57,3
57,2
57,1
57,0
56,6
56,5
56,4
56,3
56,2
56,1
56,0
55,4
55,3
55,2
55,1
55,0
54,8
54,7
54,6
54,5
54,4
54,3
54,2
54,1
54,0
53,5
53,4
53,3
53,2
53,1
53,0
52,5
52,4
52,3
52,2
52,1
52,0
51,6
51,5
51,4
51,3
51,2
51,1
51,0
0,433
50,5
50,4
50,3
50,2
50,1
50,0
49,5
49,4
49,3
49,2
49,1
49,0
0,432
2,7
48,4
48,3
48,2
48,1
48,0
47,3
47,2
47,1
47,0
46,6
46,5
46,4
46,3
46,2
46,1
46,0
45,5
45,4
45,3
45,2
45,1
45,0
44,3
44,2
44,1
44,0
43,5
43,4
43,3
43,2
43,1
43,0
42,7
42,6
42,5
42,4
42,3
42,2
42,1
42,0
41,5
41,4
41,3
41,2
41,1
41,0
40,4
40,3
40,2
40,1
40,0
39,3
39,2
39,1
39,0
38,3
38,2
38,1
38,0
37,4
37,3
37,2
37,1
37,0
36,4
36,3
36,2
36,1
36,0
35,3
35,2
35,1
35,0
0,412
34,5
34,4
34,3
34,2
34,1
34,0
33,4
33,3
33,2
33,1
33,0
32,4
32,3
32,2
32,1
32,0
31,3
31,2
31,1
31,0
0,398
0,397
30,6
30,5
30,4
30,3
30,2
30,1
30,0
2,6
29,5
29,4
29,3
29,2
29,1
29,0
28,6
28,5
28,4
28,3
28,2
28,1
28,0
27,3
27,2
27,1
27,0
26,5
26,4
26,3
26,2
26,1
26,0
25,4
25,3
25,2
25,1
25,0
24,3
24,2
24,1
24,0
23,4
23,3
23,2
23,1
23,0
22,4
22,3
22,2
22,1
22,0
2,5
2,1
2,4
2,2
2,0
21,5
21,4
21,3
21,2
21,1
21,0
20,5
20,4
20,3
20,2
20,1
20,0
19,5
19,4
19,3
19,2
19,1
19,0
18,5
18,4
18,3
18,2
18,1
18,0
17,3
17,2
17,1
17,0
16,6
16,5
16,4
16,3
16,2
16,1
16,0
15,7
15,6
15,5
15,4
15,3
15,2
15,1
15,0
14,3
14,2
14,1
14,0
13,5
13,4
13,3
13,2
13,1
13,0
12,4
12,3
12,2
12,1
12,0
11,6
11,5
11,4
11,3
11,2
11,1
11,0
10,3
10,2
10,1
10,0
9,5
9,4
9,3
9,2
9,1
9,0
8,5
8,4
8,3
8,2
8,1
8,0
7,3
7,2
7,1
7,0
0,1
6,3
6,2
6,1
6,0
5,3
5,2
5,1
5,0
4,3
0,243
2,3
1,3
0,9
0,300
0,299
0,298
0,297
0,296
0,295
0,294
0,293
0,292
0,291
0,290
0,289
0,288
0,287
0,286
0,285
0,284
0,283
0,282
0,281
0,280
0,279
0,278
0,277
0,276
0,275
0,274
0,273
0,272
0,271
0,270
0,269
0,268
0,267
0,266
0,265
0,264
0,263
0,262
0,261
0,260
0,259
0,258
0,257
0,256
0,255
0,254
0,253
0,252
0,251
0,250
0,249
0,248
0,247
0,246
0,245
0,244
0,242
0,241
0,240
0,239
0,238
0,237
0,236
0,235
0,234
0,233
0,232
0,231
0,230
0,229
0,228
0,227
0,226
0,225
0,224
0,223
0,222
0,221
0,220
0,219
0,218
0,217
0,216
0,215
0,214
0,213
0,212
0,211
0,210
0,209
0,208
0,207
0,206
0,205
0,204
0,203
0,202
0,201
0,200
0,199
0,198
0,197
0,196
0,195
0,194
0,193
0,192
0,63
0,62
0,61
0,60
0,59
0,58
0,57
0,56
0,55
0,54
0,53
0,52
0,51
0,50
0,49
0,48
0,47
0,46
0,45
0,6
0,0
0,5
0,304
0,303
0,306
0,305
0,302
0,12
0,10
0,8
0,11
0,2
0,4
0,3
0,7
